2  0111000110101110 ror 1
10 5678 >> 2
10 ~ -2000
10 125 ror 1
10 1 rol 1
10 0 ror 1
10 -1 rol 1
16 137247A8DE29DE2 rol 1
10 12 << 3
16 2F1C1976 ^ 22012B4D
10 10633823966279326983230456482242756610 >> 5
10 ~ 86530918491917095
10 ~ -1
16 1427BF5B & 09C38B07
2 1111100011101010111 + 01101110110111
2 11011011 * 010101111
2 10 01101010111110111111
2 10 11111111111111111111111111111111111111111111111111111111111111111111111111111111111111111111111111111111111111111111111111111111
2 10 01111111111111111111111111111111111111111111111111111111111111111111111111111111111111111111111111111111111111111111111111111111
2 10 10000000000000000000000000000000000000000000000000000000000000000000000000000000000000000000000000000000000000000000000000000000
10 2 -170141183460469231731687303715884105728
10 2 170141183460469231731687303715884105727
10 170141183460469231731687303715884105727 - 170141183460469231731687303715884105727
10 170141183460469231731687303715884105720 + 170141183460469231731687303715884105721
10 1234567890123456789 + 8765432109876543211
10 2 8793278316383117319
16 85AF + 90BC
16 80000000000000000000000000000000 + ffffffffffffffffffffffffffffffff
16 80000000000000000000000000000000 + 7fffffffffffffffffffffffffffffff
10 2 -170141183460469231731687303715885
10 2 42535295865117307932921825928971026435
10 42535295865117307932921825928971026432 / 10633823966279326983230456482242756615
10 -42535295865117307932921825928971026432 / 10633823966279326983230456482242756615
2 10101010111 * 111
10 23 + 7
16 EFF - AAA
16 2 AAABBB
16 2 ffffffffffffffffffffffffffffffff
10 2 -45
10 16 -42535295865117307932921825928971026432
